# unix_time, cycles_done, cur_path, paths_total, pending_total, pending_favs, map_size, unique_crashes, unique_hangs, max_depth, execs_per_sec
1531717949, 0, 0, 1, 1, 1, 0.02%, 0, 0, 1, 2500.00
1531717954, 0, 0, 5, 5, 1, 0.02%, 0, 1, 2, 93.05
1531717970, 0, 3, 5, 2, 2, 0.02%, 0, 1, 2, 4822.94
1531717975, 0, 4, 5, 1, 1, 0.02%, 0, 1, 2, 49.29
1531717985, 0, 4, 5, 1, 1, 0.02%, 0, 2, 2, 761.13
1531717995, 1, 0, 5, 0, 0, 0.02%, 0, 2, 2, 928.51
1531718000, 1, 3, 5, 0, 0, 0.02%, 0, 2, 2, 2620.14
1531718005, 1, 4, 5, 0, 0, 0.02%, 0, 2, 2, 787.77
1531718010, 2, 0, 5, 0, 0, 0.02%, 0, 2, 2, 916.57
1531718020, 2, 4, 5, 0, 0, 0.02%, 0, 2, 2, 2204.29
1531718031, 3, 0, 5, 0, 0, 0.02%, 0, 2, 2, 894.05
1531718036, 3, 1, 5, 0, 0, 0.02%, 0, 2, 2, 5197.04
1531718041, 3, 4, 5, 0, 0, 0.02%, 0, 2, 2, 875.47
1531718051, 4, 0, 5, 0, 0, 0.02%, 0, 2, 2, 943.75
1531718056, 4, 3, 5, 0, 0, 0.02%, 0, 2, 2, 2618.03
1531718061, 4, 4, 5, 0, 0, 0.02%, 0, 2, 2, 719.67
1531718066, 5, 0, 5, 0, 0, 0.02%, 0, 2, 2, 880.73
1531718077, 5, 4, 5, 0, 0, 0.02%, 0, 2, 2, 641.15
1531718087, 6, 0, 5, 0, 0, 0.02%, 0, 2, 2, 872.97
1531718092, 6, 1, 5, 0, 0, 0.02%, 0, 2, 2, 1484.22
1531718097, 6, 4, 5, 0, 0, 0.02%, 0, 2, 2, 1839.45
1531718102, 7, 0, 5, 0, 0, 0.02%, 0, 2, 2, 1221.04
1531718112, 7, 4, 5, 0, 0, 0.02%, 0, 2, 2, 435.64
1531718123, 8, 0, 5, 0, 0, 0.02%, 0, 2, 2, 896.97
1531718133, 8, 4, 5, 0, 0, 0.02%, 0, 2, 2, 695.36
1531718143, 9, 0, 5, 0, 0, 0.02%, 0, 2, 2, 896.46
1531718148, 9, 2, 5, 0, 0, 0.02%, 0, 2, 2, 5223.53
1531718153, 9, 4, 5, 0, 0, 0.02%, 0, 2, 2, 941.85
1531718158, 10, 0, 5, 0, 0, 0.02%, 0, 2, 2, 926.28
1531718169, 10, 4, 5, 0, 0, 0.02%, 0, 2, 2, 4691.62
1531718179, 11, 0, 5, 0, 0, 0.02%, 0, 2, 2, 894.02
1531718189, 11, 4, 5, 0, 0, 0.02%, 0, 2, 2, 712.29
1531718200, 12, 0, 5, 0, 0, 0.02%, 0, 2, 2, 897.50
1531718205, 12, 3, 5, 0, 0, 0.02%, 0, 2, 2, 2405.26
1531718210, 12, 4, 5, 0, 0, 0.02%, 0, 2, 2, 1627.19
1531718215, 13, 0, 5, 0, 0, 0.02%, 0, 2, 2, 1128.58
1531718225, 13, 4, 5, 0, 0, 0.02%, 0, 2, 2, 2128.19
1531718235, 14, 0, 5, 0, 0, 0.02%, 0, 2, 2, 994.86
1531718241, 14, 2, 5, 0, 0, 0.02%, 0, 2, 2, 1983.93
1531718246, 14, 4, 5, 0, 0, 0.02%, 0, 2, 2, 1588.49
